0,370
0,434
0,391
0,447
0,411
0,369
0,438
0,381
0,361
0,416
16,89
16,11
16,16
16,15
16,14
16,10
16,12
16,8
16,9
16,1
16,7
0,323
0,341
0,389
19,4
0,340
0,342
2,1
2,3
1,1
0,430
1,3
16,86
16,83
16,79
16,77
16,74
16,70
16,68
16,64
16,36
16,33
16,29
16,27
16,23
16,21
16,17
16,6
0,394
0,419
0,431
0,444
0,357
16,88
16,40
16,4
16,3
0,401
0,404
0,300
0,299
0,298
0,297
0,296
0,295
0,294
0,293
0,292
0,291
0,290
0,289
0,288
0,287
0,286
0,285
0,284
0,283
0,282
0,281
0,280
0,279
0,278
0,277
0,276
0,275
0,274
0,273
0,272
0,271
0,270
0,269
0,268
0,267
0,266
0,265
0,264
0,263
0,262
0,261
0,260
0,259
0,258
0,257
0,256
0,255
0,250
0,245
0,239
0,238
0,234
0,232
0,227
0,226
0,225
0,224
0,223
0,222
0,221
0,219
0,218
0,217
0,216
0,215
0,214
0,213
0,212
0,211
0,210
0,209
0,208
0,207
0,206
0,205
0,204
0,202
0,201
0,200
0,199
0,198
0,197
0,220
0,203
0,196
0,195
0,194
0,193
0,192
0,63
0,62
0,61
0,60
0,59
0,58
0,57
0,56
0,420
0,254
0,253
0,251
0,55
0,54
0,53
0,52
0,51
0,50
0,49
0,48
0,6
0,47
0,46
0,45
16,90
20,1
20,3
19,1
19,3
0,252
0,249
0,248
0,247
0,246
0,244
0,242
0,241
0,240
0,237
0,236
0,408
0,402
0,407
0,329
0,350
0,348
0,439
0,421
0,413
0,380
0,442
0,437
0,306
0,347
0,235
0,233
0,231
0,230
0,229
0,228
0,433
0,339
15,1
15,3
17,3
17,1
17,4
16,39
16,38
0,443
0,406
0,349
0,428
16,43
0,365
22,3
0,353
0,424
16,0
16,42
0,392
0,338
16,41
0,315
0,4
16,5
0,426
0,378
0,414
0,351
0,314
0,415
0,397
0,324
0,312
0,327
0,418
0,388
0,352
0,360
0,301
0,334
0,422
0,325
0,410
0,393
0,345
0,322
0,0
